2.0675
1.0592
0.9260
0.8434
0.7876
0.7549
0.7194
0.7037
0.6844
0.6638
0.6551
0.6400
0.6332
0.6219
0.6140
0.6053
0.5826
0.5739
0.5673
0.5638
0.5551
0.5492
0.5432
0.5394
0.5358
0.5302
0.5273
0.5229
0.5197
0.5141
0.5121
0.5051
0.4962
0.4988
0.4860
0.4815
0.4828
0.4781
0.4768
0.4748
0.4744
0.4705
0.4707
0.4694
0.4671
0.4649
0.4602
0.4542
0.4476
0.4470
0.4410
0.4417
0.4429
0.4424
0.4406
0.4392
0.4379
0.4357
0.4357
0.4343
0.4314
0.4320
0.4315
0.4243
0.4204
0.4187
0.4186
0.4160
0.4139
0.4158
0.4153
0.4124
0.4117
0.4140
0.4132
0.4118
0.4104
0.4107
0.4109
0.4049
0.4011
0.3981
0.3968
0.3998
0.3985
0.3959
0.3953
0.3947
0.3944
0.3924
0.3919
0.3915
0.3938
0.3937
0.3889
0.3852
0.3837
0.3806
0.3836
0.3801
0.3806
0.3822
0.3799
0.3804
0.3787
0.3785
0.3793
0.3781
0.3782
0.3740
0.3753
0.3738
0.3682
0.3696
0.3696
0.3687
0.3683
0.3668
0.3676
0.3666
0.3674
0.3660
0.3680
0.3683
0.3653
0.3670
0.3642
0.3631
0.3616
0.3597
0.3583
0.3571
0.3587
0.3579
0.3563
0.3590
0.3554
0.3573
0.3566
0.3566
0.3525
0.3569
0.3541
0.3535
0.3520
0.3532
0.3512
0.3508
0.3512
0.3494
0.3483
0.3503
0.3495
0.3508
0.3472
0.3501
0.3490
0.3473